done with a and b
Array a 
67 32 84 80 71 88 86 49 97 99 93 51 89 68 97 83 96 45 36 65 40 75 57 100 78 87 38 35 48 73 79 45 76 93 55 77 80 41 56 76 70 48 57 58 46 85 72 41 60 78 
Array b 
37 70 84 64 70 61 81 38 66 59 81 44 75 56 68 60 63 47 31 89 54 32 67 81 60 84 96 62 55 56 71 93 96 54 56 96 45 37 33 81 66 85 55 71 71 93 62 34 71 63 53 55 65 91 66 56 34 62 48 90 88 49 83 43 33 69 39 48 36 42 


done with sorting a and b
Array a 
32 35 36 38 40 41 41 45 45 46 48 48 49 51 55 56 57 57 58 60 65 67 68 70 71 72 73 75 76 76 77 78 78 79 80 80 83 84 85 86 87 88 89 93 93 96 97 97 99 100 
Array b 
31 32 33 33 34 34 36 37 37 38 39 42 43 44 45 47 48 48 49 53 54 54 55 55 55 56 56 56 56 59 60 60 61 62 62 62 63 63 64 65 66 66 66 67 68 69 70 70 71 71 71 71 75 81 81 81 81 83 84 84 85 88 89 90 91 93 93 96 96 96 
Array c 
31 32 32 33 33 34 34 35 36 36 37 37 38 38 39 40 41 41 42 43 44 45 45 45 46 47 48 48 48 48 49 49 51 53 54 54 55 55 55 55 56 56 56 56 56 57 57 58 59 60 60 60 61 62 62 62 63 63 64 65 65 66 66 66 67 67 68 68 69 70 70 70 71 71 71 71 71 72 73 75 75 76 76 77 78 78 79 80 80 81 81 81 81 83 83 84 84 84 85 85 86 87 88 88 89 89 90 91 93 93 93 93 96 96 96 96 97 97 99 100 
